6 18
    1        2          10          0.01
    2        1          10          0.01
    1        3          10          0.01
    3        1          10          0.01
    1        4          10          0.01
    4        1          10          0.01
    2        4          10          0.01
    4        2          10          0.01
    3        4          10          0.01
    4        3          10          0.01
    4        5          10          0.01
    5        4          10          0.01
    4        6          10          0.01
    6        4          10          0.01
    2        5          10          0.01
    5        2          10          0.01
    6        3          10          0.01
    3        6          10          0.01